732
213
19
568
767
610
12
547
448
968
396
50
573
11
147
740
641
789
508
567
424
307
140
203
253
572
132
402
227
629
597
883
39
107
92
434
688
680
687
776
426
265
287
960
926
230
64
196
311
532
520
93
386
114
965
692
333
975
36
471
78
842
994
530
813
559
313
876
176
752
162
686
347
505
911
407
799
442
390
656
756
309
208
809
341
115
916
470
80
999
557
905
186
457
868
890
851
419
298
20
472
944
723
881
929
270
193
976
615
773
79
268
490
679
492
930
552
374
254
613
383
376
812
16
146
728
576
693
106
633
710
120
691
40
191
489
921
518
77
431
83
674
952
669
88
27
843
486
937
832
875
71
397
353
706
97
384
477
195
822
293
348
533
768
943
65
900
772
761
319
601
53
479
785
166
454
594
649
128
87
276
206
488
117
556
705
475
74
519
306
34
829
517
658
246
244
836
565
501
322
335
837
295
497
914
986
137
358
913
90
361
271
742
717
998
473
586
782
129
220
528
605
252
874
870
750
439
651
23
30
621
466
181
199
130
662
611
766
48
830
25
596
31
96
47
823
14
665
775
816
66
346
56
194
101
68
579
741
525
10
440
110
553
575
924
955
695
211
640
399
355
269
42
634
550
285
148
245
644
591
371
904
41
655
526
316
250
46
43
310
604
406
395
444
891
949
127
953
685
626
522
819
923
521
697
889
438
125
603
337
143
534
734
859
414
899
320
869
585
98
996
731
109
380
827
187
672
549
365
121
554
261
494
249
104
216
940
990
739
124
802
543
886
683
950
798
562
985
898
233
171
359
45
536
614
420
476
666
569
884
745
847
405
299
982
495
118
580
388
99
172
116
329
548
661
796
59
423
28
155
846
993
821
141
84
381
349
540
551
957
602
771
6
7
718
725
810
21
945
339
512
855
469
312
354
779
792
9
82
272
367
238
619
735
498
703
593
369
989
283
992
425
584
173
344
491
758
754
631
256
689
707
581
159
760
467
826
391
179
663
583
749
636
175
55
433
888
700
192
464
988
523
95
667
681
817
291
493
294
759
151
190
673
743
793
514
595
15
161
165
403
967
303
281
226
803
308
415
592
848
934
972
509
984
60
838
89
105
468
164
805
744
126
149
373
437
794
57
507
177
690
852
582
919
305
284
901
624
628
863
715
849
607
323
885
408
503
946
142
896
288
541
659
987
925
436
701
795
719
221
201
647
73
820
158
500
427
169
834
482
807
654
178
70
515
401
966
927
156
587
814
713
91
857
257
653
456
861
412
811
332
277
721
212
13
769
108
61
356
722
242
236
696
398
963
933
538
941
205
962
416
145
539
642
678
478
746
379
231
637
214
777
330
643
267
450
763
260
537
279
351
932
800
219
111
180
318
321
258
72
85
441
453
262
617
942
959
301
496
546
589
969
726
778
2
144
762
215
535
225
978
393
223
188
264
764
387
340
122
113
616
570
770
566
139
671
58
709
698
102
801
825
650
612
737
578
995
712
484
372
702
858
635
714
317
677
119
948
865
487
273
248
29
510
428
167
150
1
938
86
561
897
630
608
918
844
378
854
609
974
623
52
648
504
878
38
632
292
445
917
622
67
37
910
274
499
877
765
449
462
668
280
787
32
485
400
747
443
183
392
200
289
296
382
377
664
797
411
75
853
51
463
980
189
939
833
1000
699
138
753
8
873
902
18
879
625
781
555
210
263
357
133
755
290
157
255
69
835
218
818
947
326
571
856
153
527
882
906
352
480
920
977
168
459
545
328
481
880
841
103
350
606
670
394
513
895
409
131
182
324
389
529
824
235
197
892
783
135
733
314
465
413
531
123
970
422
866
845
136
429
5
54
675
460
727
922
22
872
217
343
894
370
971
831
909
954
134
259
240
600
112
774
864
973
544
315
297
300
716
738
461
366
652
711
912
483
908
447
174
502
757
907
435
936
239
362
432
81
404
302
3
304
251
360
563
451
338
430
266
26
871
860
660
417
446
160
708
184
204
867
506
524
730
49
564
903
951
997
784
577
620
331
840
893
788
560
44
815
964
198
806
209
790
627
154
682
234
991
720
751
862
599
786
839
983
247
152
363
342
222
694
24
598
100
286
385
780
17
4
558
915
931
327
657
618
207
981
646
958
828
325
452
410
474
170
375
345
364
224
275
368
808
63
729
229
791
639
237
202
676
804
574
421
645
458
62
76
956
94
850
241
887
185
638
228
588
232
928
704
961
243
336
418
590
278
33
455
724
748
516
163
684
935
542
511
334
282
736
979
35
